# Created by Octave 2.1.55, Tue May 10 10:16:19 2005 CEST <npeller@hyd7>
# name: stress_press_re2808
# type: matrix
# rows: 1000
# columns: 3
 0.0090090092 0.0011726646 -0.1758838
 0.01801802 0.0011410015 -0.1813206
 0.02702703 0.0011213637 -0.1792594
 0.036036041 0.0011042196 -0.1773054
 0.045045041 0.0010948812 -0.1753886
 0.054054059 0.0010896265 -0.1735466
 0.06306307 0.0010898336 -0.171761
 0.072072066 0.0010958457 -0.1700255
 0.081081077 0.001105104 -0.1683656
 0.090090089 0.0011214867 -0.1667335
 0.099099107 0.0011364417 -0.1651964
 0.1081081 0.0011429164 -0.1636635
 0.1171171 0.0011492415 -0.1622025
 0.1261261 0.0011307258 -0.1607422
 0.1351351 0.0011107068 -0.1592902
 0.1441441 0.0010875394 -0.1578397
 0.1531532 0.0010626046 -0.1563858
 0.1621622 0.0010420016 -0.1549295
 0.1711712 0.00032520195 -0.1534798
 0.1801802 0.00031869998 -0.1520397
 0.1891892 0.00032331015 -0.150598
 0.1981982 0.0003258666 -0.1491399
 0.2072072 0.00033605009 -0.1476845
 0.2162162 -0.00032760881 -0.146297
 0.2252252 -0.00025399696 -0.1449202
 0.2342342 -0.00018806287 -0.1435684
 0.2432432 -0.00071805035 -0.1415745
 0.2522523 -0.00060858717 -0.1409253
 0.2612613 -0.00049771991 -0.1396629
 0.2702703 -0.00088475458 -0.138506
 0.2792793 -0.00073602493 -0.137384
 0.2882883 -0.00101365 -0.1363174
 0.2972973 -0.0008441247 -0.1353193
 0.3063063 -0.0010643618 -0.1343558
 0.3153153 -0.0011454386 -0.1334803
 0.3243243 -0.0010078459 -0.1325971
 0.3333333 -0.0010193574 -0.1318843
 0.3423423 -0.0010619754 -0.1311998
 0.3513514 -0.0010834411 -0.1306134
 0.3603604 -0.0009301104 -0.1299668
 0.3693694 -0.00092796318 -0.1293911
 0.3783784 -0.00086349325 -0.1289286
 0.3873874 -0.00083874195 -0.1284136
 0.3963964 -0.00076061848 -0.1280291
 0.4054054 -0.00072823459 -0.1275928
 0.4144144 -0.00065852888 -0.1274396
 0.4234234 -0.00062525237 -0.1269601
 0.4324325 -0.00055555865 -0.1267957
 0.4414414 -0.00050598732 -0.1263908
 0.4504505 -0.00045567477 -0.1260935
 0.4594595 -0.00042686291 -0.1258252
 0.4684685 -0.00041097854 -0.1257272
 0.4774775 -0.00037987335 -0.1254929
 0.4864865 -0.00036622651 -0.1252565
 0.4954955 -0.00034993046 -0.1251292
 0.5045046 -0.00033140203 -0.1249836
 0.5135135 -0.00032462802 -0.124924
 0.5225226 -0.00030443099 -0.1246984
 0.5315316 -0.00030514921 -0.1245922
 0.5405406 -0.00027854275 -0.124398
 0.5495496 -0.00028918165 -0.1242729
 0.5585586 -0.00027861758 -0.1241354
 0.5675676 -0.00028258518 -0.1242169
 0.5765766 -0.00025334637 -0.1239331
 0.5855856 -0.00025725694 -0.1238861
 0.5945947 -0.00024589032 -0.12381
 0.6036036 -0.00024086006 -0.1236337
 0.6126126 -0.0002396546 -0.1235899
 0.6216216 -0.00024695043 -0.1235778
 0.6306307 -0.00024652883 -0.1234784
 0.6396397 -0.00024204983 -0.1233578
 0.6486487 -0.00023924468 -0.1233917
 0.6576576 -0.00023548461 -0.1233006
 0.6666667 -0.00024501904 -0.1232055
 0.6756757 -0.00024954855 -0.1231219
 0.6846847 -0.00024396286 -0.1232234
 0.6936938 -0.00023872929 -0.1230018
 0.7027028 -0.00025409347 -0.123035
 0.7117117 -0.00025676316 -0.1230215
 0.7207207 -0.00025011392 -0.1229196
 0.7297298 -0.00026669487 -0.1228643
 0.7387388 -0.00026979164 -0.1228008
 0.7477478 -0.00027891184 -0.1227665
 0.7567568 -0.00029645601 -0.1227036
 0.7657658 -0.00030352687 -0.1227237
 0.7747748 -0.0003045153 -0.1226184
 0.7837838 -0.00031785321 -0.1226396
 0.7927929 -0.00032307027 -0.1225713
 0.8018019 -0.00032368655 -0.1225682
 0.8108109 -0.00033763333 -0.1224394
 0.8198198 -0.00035198312 -0.1225477
 0.8288289 -0.0003622068 -0.1224245
 0.8378379 -0.00036903407 -0.1224232
 0.8468469 -0.00038511236 -0.122423
 0.8558559 -0.00039237764 -0.1223571
 0.8648649 -0.00040167794 -0.1223477
 0.8738739 -0.00041408715 -0.1222325
 0.8828829 -0.00043642256 -0.1222759
 0.891892 -0.00045299201 -0.1221465
 0.900901 -0.00046467397 -0.1222025
 0.90991 -0.00048261695 -0.1220602
 0.9189189 -0.0004890929 -0.122125
 0.927928 -0.00050491031 -0.121988
 0.936937 -0.00052019849 -0.1220463
 0.945946 -0.00053643505 -0.1219228
 0.954955 -0.00055189186 -0.1219615
 0.963964 -0.00056258711 -0.1218642
 0.972973 -0.00058508216 -0.1218645
 0.981982 -0.0005938629 -0.1218112
 0.990991 -0.00061863719 -0.1217556
 1 -0.00062583794 -0.1217675
 1.009009 -0.00065301033 -0.1216286
 1.018018 -0.00064337032 -0.1217241
 1.027027 -0.00066353916 -0.1215299
 1.036036 -0.00068209093 -0.121631
 1.045045 -0.00069609931 -0.1214691
 1.054054 -0.00071591343 -0.1215145
 1.063063 -0.00071954419 -0.1214099
 1.072072 -0.00074649754 -0.1213699
 1.081081 -0.0007486461 -0.1213507
 1.09009 -0.00075342337 -0.1212045
 1.099099 -0.00076613977 -0.1212544
 1.108108 -0.0007821719 -0.1210958
 1.117117 -0.00078652083 -0.1211587
 1.126126 -0.00079401775 -0.1210091
 1.135135 -0.00080731901 -0.1209417
 1.144144 -0.00082987541 -0.1207666
 1.153153 -0.00082912797 -0.1207499
 1.162162 -0.000842357 -0.1207168
 1.171171 -0.00085383229 -0.1207194
 1.18018 -0.00086534373 -0.1205661
 1.189189 -0.00088182546 -0.1204704
 1.198198 -0.00086184964 -0.1205327
 1.207207 -0.00086954772 -0.1203523
 1.216216 -0.00086775975 -0.1202828
 1.225225 -0.00088310445 -0.120175
 1.234234 -0.00087162486 -0.1200956
 1.243243 -0.00088101515 -0.1200682
 1.252252 -0.00088114804 -0.120092
 1.261261 -0.00089119113 -0.1199193
 1.27027 -0.0008811173 -0.1198396
 1.279279 -0.00087913132 -0.1197616
 1.288288 -0.00088199333 -0.119669
 1.297297 -0.00087853509 -0.1196326
 1.306306 -0.00087354751 -0.119603
 1.315315 -0.00086846185 -0.1195449
 1.324324 -0.00086856837 -0.1193875
 1.333333 -0.00085311366 -0.1192866
 1.342342 -0.00085815956 -0.1193028
 1.351351 -0.0008599271 -0.1192645
 1.360361 -0.00085031544 -0.1192022
 1.369369 -0.00085423613 -0.1191962
 1.378378 -0.00083482132 -0.1190668
 1.387388 -0.00083083403 -0.1189517
 1.396396 -0.00081950653 -0.1168743
 1.405406 -0.00080963026 -0.1189836
 1.414415 -0.0007992161 -0.1189515
 1.423423 -0.00078912516 -0.1189263
 1.432433 -0.00077296112 -0.1188888
 1.441441 -0.0007559745 -0.1188168
 1.450451 -0.00072971371 -0.118791
 1.45946 -0.00072541635 -0.1188131
 1.468468 -0.00070965418 -0.1188007
 1.477478 -0.00070582324 -0.1187706
 1.486487 -0.00070112455 -0.1187691
 1.495496 -0.00069591921 -0.1187534
 1.504505 -0.00067465339 -0.1187589
 1.513514 -0.00066748948 -0.118755
 1.522523 -0.00065651227 -0.1187536
 1.531532 -0.00065457128 -0.1187559
 1.540541 -0.00063523755 -0.1187856
 1.54955 -0.00062902435 -0.1188206
 1.558559 -0.00063051918 -0.1188174
 1.567568 -0.00060824986 -0.1188081
 1.576577 -0.00060837058 -0.1187971
 1.585586 -0.00058449648 -0.1187937
 1.594595 -0.00059594965 -0.1187863
 1.603604 -0.00060312462 -0.1188403
 1.612613 -0.00057530339 -0.1173453
 1.621622 -0.00057152181 -0.118995
 1.630631 -0.00057146238 -0.1190111
 1.63964 -0.00053373654 -0.1190217
 1.648649 -0.00053393515 -0.1190421
 1.657658 -0.00053663307 -0.1190632
 1.666667 -0.00049596839 -0.1190839
 1.675676 -0.00051265763 -0.1191097
 1.684685 -0.00052202964 -0.1191465
 1.693694 -0.00052712514 -0.1191824
 1.702703 -0.00047802576 -0.1192027
 1.711712 -0.00049487036 -0.1192222
 1.720721 -0.00050968979 -0.1192579
 1.72973 -0.00051146222 -0.1192892
 1.738739 -0.00051801308 -0.1193117
 1.747748 -0.00046651397 -0.1193344
 1.756757 -0.00048258153 -0.1193706
 1.765766 -0.00049110025 -0.1194058
 1.774775 -0.00049240811 -0.1194327
 1.783784 -0.00050125143 -0.1194538
 1.792793 -0.00051796128 -0.1194742
 1.801802 -0.00045857267 -0.1195088
 1.810811 -0.00047584064 -0.1195507
 1.81982 -0.00049266109 -0.1196009
 1.828829 -0.00050854083 -0.1196489
 1.837838 -0.00052178529 -0.119713
 1.846847 -0.00052347186 -0.1197741
 1.855856 -0.00052495545 -0.1198199
 1.864865 -0.0005386566 -0.1198588
 1.873874 -0.00055869494 -0.1199066
 1.882883 -0.00058026088 -0.1199616
 1.891892 -0.00060416572 -0.1200182
 1.900901 -0.00062974944 -0.120077
 1.90991 -0.00065939804 -0.1201351
 1.918919 -0.00069002202 -0.1201918
 1.927928 -0.00064520916 -0.120247
 1.936937 -0.00068457978 -0.1202895
 1.945946 -0.00073795946 -0.1203319
 1.954955 -0.00079136813 -0.1203575
 1.963964 -0.00083985942 -0.1203815
